15869139878
15057172896
15988855576
13957929226
13157160000
13157165308
15851880180
13573259983
13863982615
13869891109
13732450000
13621594986
18661976137
13188983862
18913022472
13912965720
15356199025
13256875147
13763819245
13655031667
13696985852
13806079885
22527258
13959893292
13860163539
15359871215
22440088
18950058931
13959291357
18659788752
13505923309
13806068330
15959258168
18906050695
6666
111222333444555
137706032810
8888
13635249596
13792490964
13635285956
13913994622
13852293360
13912973810
13860602348
13553008070
15953295327
13176516225
13589346547
13678895546
13857538037
13799752662
13858562468
013587355219
13459246704
05926025129
13328781506
13819558916
13758595576
18120730276
13860166738
13859966765
18950017936
13850018812
13860410275
18950031165
13806028410
13306055772
18030231181
13779940963
13685014810
13067297096
13763806360
13950304522
18653287781
13210101627
83606400
13512505448
13805329159
13960840019
15192739370
18071345622
18159277222
13558779712
18950008558
15259229222
13375928936
13906030113
15860768277
18860039219
13388498444
13567999636
13859912365
18950086938
13959257195
13721279887
15160080099
15980762346
18906489280
18750444317
13813355527
18906039599
15850565552
13913965705
13405841739
13851844015
13950186610
15278858386
15905075150
13808556680
18906010629
12345
1234567890
18144041635
13950013478
13912939902
159592
18965116327
1898590035859
18950035859
13770813048
13868163539
15060756778
13966138008
18278326575
13856523066
15859295685
13003635808
18050011679
18950168480
18978085756
13023895489
15060076940
15184364045
18250749022
18750220628
18965711198
13799728557
13721291691
13459637395
13788326410
13707720527
18354853398
13809533717
05926535366
05926581629
13856034226
13856426148
18755161097
997922871000
13348399795
13110931209
18406442811
18659236005
13215955589
18059815631
18259296024
15980924791
13859933128
18059206635
13906394095
13757981159
13405912029
13357704390
13952056178
90000000023
90000000019
13858041215
90000000005
90000000001
18059257058
15159730810
13866731138
13856904052
13799250789
18259423325
13960788435
13960798616
18850879036
18559305934
13860153358
15659456276
15356790826
18059899559
15959386158
13210897728
18965429953
18750612188
13550245366
13678181853
13408040564
13799296601
18981953436
13003900175
15985899761
13805997283
05926015083
13880740912
15060622789
13950025023
18060930455
13636916933
13959208035
15982219057
13950066979
13882102365
13551816686
15108458103
13067219879
15060663302
05925221611
15359355675
13123387983
13982159643
13950183676
13328752250
13165010558
15159562645
15960238930
15388105292
18628093177
13678139930
18030837405
02885850129
13328771993
38950058931
28950058931
13276932222
13666062970
18981936667
18974769389
13960366889
13365907890
15156517503
18959261082
18750229382
13616023926
13860652323
18950104833
08059869355
08950008558
15966946912
13950152286
15115447782
18765266175
18906488892
13786411477
13637278846
05926535065
13959999720
15982290877
13850796088
18960292952
18159132822
05925717699
18959242977
05925232422
13950187149
18950145015
13328786149
13906120000
13779992589
13770632317
13863981916
18905151050
13969739696
18172296969
15060838527
18030015115
13774692721
18950226601
13706972972
13373981925
13705925112
15059599115
13732451820
18559202949
15100000001
15860218798
18960239159
17000000000
1000
20000
10001
10000
13395904900
15864405946
59126941015
18959161100
13295001548
10000000000
15100000004
15100000003
15100000002
18652596556
18900000000
100001
100000
13000000000
17000000001
15960597977
18329077787
13755796551
13767006968
13599773881
13387008703
18779101305
15351916363
13775012786
15851990966
12000000000
13907071411
13859798275
16677788801
18659930690
13343208034
15081031505
18939318777
18252043890
13913863955
15270139111
13870019973
18720003170
13870045196
13907014751
18661666666
18303385828
13489160026
13459865738
13507578624
15879871755
13970152379
13576499716
13870108293
18296846518
13870019657
15070116241
13870170743
15270148226
13870012481
13607986243
13133881777
13879811670
15807080008
13311911919
18266225456
18754230281
15092086808
13507013363
13767906684
13957972252
13566768238
15957963827
13757976747
18979110118
13215909918
13970152687
13387016466
18979867600
13979851004
